signal: 2d_sphere
seeds:
- 1234
iters: 30000
eval_every: 100
batch_size: 65536
methods:
  siren:
    lr: 0.00036737070501857206
    first_omega_0: 52.5988365573753
    hidden_omega_0: 45.16054842913085
  wire:
    lr: 0.0003136398228154866
    first_omega_0: 38.12002746953122
    hidden_omega_0: 6.570619417026366
    scale: 24.144091948725322
  gauss:
    lr: 0.00212438654178004
    scale: 25.47495723547705
  finer:
    lr: 0.0005269479602501555
    first_omega_0: 50.004008759592544
    hidden_omega_0: 52.82865140627242
  gf:
    lr: 0.0004694762341207121
    scale: 4.631150997699976
    omega: 18.629139148331664
    first_bias_scale: 2.493296396715469
  wf:
    lr: 0.0001037874093882825
    scale: 5.584776075936802
    omega_w: 4.582856479577171
    omega: 9.274964708932238
    first_bias_scale: 4.586960081071163
  staf:
    lr: 0.00087938368326117
    first_omega_0: 48.96027993897051
    hidden_omega_0: 24.01218235900086
    tau: 8
    skip_conn: false
  pemlp:
    lr: 0.003316993142162355
  incode:
    lr: 0.0005866303795832299
    first_omega_0: 55.43697333176538
    hidden_omega_0: 27.31239430018701
  sl2a:
    lr: 0.007861854844227906
    degree: 256
    rank: 64
