signal: 2d_startarget
seeds:
- 1234
iters: 10000
eval_every: 100
batch_size: 65536
methods:
  siren:
    lr: 0.0027797867966391997
    first_omega_0: 59.64172850284146
    hidden_omega_0: 14.161611487876119
    scheduler: cosine
  wire:
    lr: 0.0015638681218153856
    first_omega_0: 11.908547446195698
    hidden_omega_0: 22.804748457895805
    scale: 28.577532289612993
    scheduler: cosine
  gauss:
    lr: 0.0024152762596652256
    scale: 29.714424626735102
    scheduler: cosine
  finer:
    lr: 0.0016860827075274427
    first_omega_0: 56.67007474036097
    hidden_omega_0: 10.958122380999
    scheduler: cosine
  gf:
    lr: 0.00012246224778500437
    scale: 4.4308485216452045
    omega: 28.978741988946222
    first_bias_scale: 0.23594742202465752
  wf:
    lr: 0.0002610803867288326
    scale: 6.690403029807663
    omega_w: 9.963779819760031
    omega: 3.541803220678445
    first_bias_scale: 4.301079842589401
    scheduler: cosine
  staf:
    lr: 0.000618252613672973
    first_omega_0: 53.479002565851836
    hidden_omega_0: 43.04720040556094
    tau: 3
    skip_conn: false
    scheduler: cosine
  pemlp:
    lr: 0.0025590936110501334
    scheduler: cosine
  incode:
    lr: 0.0010131088239734992
    first_omega_0: 58.91509049743779
    hidden_omega_0: 54.16121227969755
    scheduler: cosine
  sl2a:
    lr: 0.003980247221803208
    degree: 256
    rank: 128
  cosmo:
    lr: 0.0010791767121044798
    beta0: 0.15351661816964834
