signal: 3d_sphere

seeds:
- 1234
iters: 10000

eval_every: 100
batch_size: 65536
methods:
  siren:
    lr: 0.0011230233998349253
    first_omega_0: 44.19861148405951
    hidden_omega_0: 25.36379151347172

  wire:
    lr: 0.0012435348237922871
    first_omega_0: 26.53886624517228
    hidden_omega_0: 7.638343457504179
    scale: 3.5058859061301124
  gauss:
    lr: 0.0015510857090949598
    scale: 11.7058330645841
  finer:
    lr: 6.751383304677267e-05
    first_omega_0: 49.10296976442606
    hidden_omega_0: 57.69766445260378
  gf:
    lr: 0.0006526679179174453
    scale: 3.2006685475820347
    omega: 6.480761455303651
    first_bias_scale: 0.6898208600590705
  wf:
    lr: 0.0007487568929048397
    scale: 8.533034495009488
    omega_w: 3.5857024224993546
    omega: 1.1339127725791913
    first_bias_scale: 2.3747017817138754

  staf:
    lr: 0.0020819958755619586
    first_omega_0: 53.54526548498641
    hidden_omega_0: 25.068729114575476
    tau: 7
    skip_conn: false
  pemlp:
    lr: 0.001754759256702473
  incode:
    lr: 0.0011230233998349253
    first_omega_0: 44.19861148405951
    hidden_omega_0: 25.36379151347172
  sl2a:
    lr: 0.004015543686135838
    degree: 64
    rank: 128
